-2.01860408601 0.305202250041
2.61551896971e-06 6.57782496281e-07
-0.277685557277 2.14808402704
-0.0412033872045 1.08696734152
-1.95004686443 -0.93886538253
0.277703396843 -2.14807618221
-0.930243966919 -0.562842190808
1.35580739679 -1.52267317142
0.93023962463 0.562852125332
-0.939658210614 -1.73614051518
0.946327391215 -0.509853956382
2.01860481291 -0.30519442626
0.939662819002 1.73613761293
1.95004964463 0.93887100024
-1.3557816158 1.52267346218
-0.946325624727 0.509851133966
0.041205662554 -1.08696833906
