0.0959155672795 1.0596699415
-1.88751446877 1.14115352996
1.54447047069 -1.54356446768
-1.79951143975 -1.23919908295
0.999633512867 0.40330984384
-0.971952550094 -0.511641525779
-0.816746403932 -1.91850282836
-0.0973130438498 -1.09116462047
-0.910898189187 0.575345282193
1.17153565706 1.55209282776
0.865736028886 -0.676186267346
-1.99528480641 -0.0307198669989
0.198910295668 2.19593532169
0.456233322858 -2.03708440795
-0.873278776538 1.73678962672
1.95869425302 -0.389907928741
2.06204844683 0.782770634924
-0.000719388523883 -0.00908462644403
