-1.11465355666 -0.429906963595
1.22554529779 -0.0726492719961
0.866319523539 1.9099332552
-0.318826355863 -2.1935286403
-1.39429865069 -1.57961470219
-2.02464687483 0.56443236631
0.852556068424 -1.98640271337
-2.18650671791 -0.626440651847
0.707288434023 0.790420633271
-1.35886808564 1.60693215172
-0.186590139956 1.25177011192
-0.919369124797 0.559004185725
1.78477419326 1.08656800828
-0.339882426359 -1.10254845504
0.650448751791 -0.91244096308
1.76982915662 -1.14739391915
-0.0028307858881 -0.018943113267
2.30775090061 -0.0184409659402
-0.317980207164 2.3192349093
