1.12074075658 -0.0734873804863
0.663812423204 -0.95472731179
-0.666106718421 -2.20920068337
1.5391232916 -1.65012504427
-2.19705801893 -0.525903911026
6.27804088309e-05 -3.68839171803e-05
-0.972369123993 0.560283049745
2.06778804617 0.514735627129
0.797897669579 0.873847165379
-0.519842147316 2.24044320122
-1.43961513585 1.57215530058
2.06999206758 -0.648209919349
-1.08318062182 -0.426344261216
-0.340204831143 -1.12289905596
-2.08125722838 0.602151210109
0.458210571853 -2.06396948782
0.611600961055 2.02745684858
1.67210443787 1.58057143612
-0.178988984673 1.16953561923
-1.52269469849 -1.46628414471
