-1.29376510903 -0.769159448416
-0.788330326258 -1.78005447068
2.32263831909 0.296536938509
0.986237776182 2.22693064593
1.7408995548 1.3326796683
1.36363060647 -1.76365586855
0.164261799058 -2.5261159133
-1.34135566236 1.91920501882
-1.84807155841 0.905474545855
-0.183130376981 2.18477221312
0.12086747636 0.272919465968
-1.98098414508 -1.576053731
-2.222424028 -0.175504681869
1.91251111988 -0.759969640554
-0.992512962227 0.213662712375
-0.549360323852 1.13255440218
-0.285725909674 -0.64517076912
0.541596040165 1.22292701485
1.20785811165 0.354337440075
0.825241089214 -0.591363576441
0.299918508987 -1.47495196614
