2.27665987655 -0.69591177839
0.515292307645 -2.13026094127
-0.43745763888 -1.4355391931
2.17599092874 0.488830298653
-1.24592511509 -0.55938116407
0.0322512071745 1.24894780544
-0.70465561513 0.450906701594
-0.391363943577 2.3387845151
0.619114230609 -1.00232299622
-2.14069315128 1.43294896921
1.29300136788 -0.215130752016
1.89856957609 1.6700913997
0.378005433178 0.258399196796
-0.667685736277 -2.46970908513
-0.245922790863 -0.465268586567
-2.35850413301 -0.586893968787
0.77022633493 2.07671195528
1.54859297647 -1.58055615887
-1.59699600746 -1.60904675134
1.11219721889 0.935495135916
-1.77808581556 0.397849057354
-1.05261135522 1.45105643828
