1.16018878864 0.0769403202487
0.590730630861 -1.71011396653
0.931475648955 1.08095149136
-1.63066604915 0.0684809819531
1.82489298088 1.70839509401
1.69999430071 -1.95100803043
1.34592089649 -0.927557903317
-2.53102170997 -0.533485904256
-0.0932693224179 1.42332032234
-2.18765383349 0.9840975524
-1.50054089007 -1.01046647622
-0.648828851736 -0.302576568992
2.33961413113 -0.525410712715
-0.435095576141 2.4602483106
-1.32716042165 1.74515463237
-0.450204999984 -1.34657802989
-0.878612848832 0.758657478267
0.735449261475 2.20512887046
0.129845464593 0.38522063089
-0.182067230582 -2.47244233003
2.10973683439 0.600503617927
-1.34250343606 -2.08418728459
0.33814127934 -0.632656288718
