2.46468590404 0.0727015943731
-0.0785307466299 -1.49627486882
-1.68831614712 -1.39968200484
0.55990007098 0.48781407833
-0.45900507046 0.228630170371
-0.794864147719 -0.804067498717
0.366757087302 -2.45552607711
1.62950703123 0.756196646721
-0.169560097949 1.26263375643
1.88295032915 1.83888421578
1.53393750901 -2.11984118785
0.843600240395 1.50239398862
-2.44677899684 -0.562348390032
0.94096711843 -1.24597552809
-1.17805112572 0.972024263729
0.241781546622 -0.48913794795
-0.792518661609 2.14861045088
0.328513677822 2.43733631449
1.30643936439 -0.255128070567
-2.31137045602 0.654598717774
-1.4791329851 -0.0675498345993
2.0918877244 -1.04333167771
-1.88994704685 1.77866138456
-0.900806291581 -2.20393505926
