-2.40890665563 -0.993600182789
-1.35608655752 -0.791433295097
0.440967108628 -1.15371975016
-0.532485160352 -2.55305722522
-0.523029780435 -1.48100564752
-0.0486800863387 2.64242229768
1.62096705075 -1.81271149415
0.560487060123 -2.21830146751
1.5623612682 0.259559826238
0.580896832824 -0.0865912517516
1.36614814571 -0.766907705682
-2.08431120278 1.25989637595
-1.21478256806 0.215910063071
-1.0104403726 1.19722265258
2.41845372345 -0.760427784772
-2.28262390907 0.141956858218
2.60526180322 0.439960714949
0.800886221061 0.968392391291
-0.193817038477 0.554353801381
-1.19287770318 2.23431798213
1.86939619158 1.3757383503
-0.0385782595193 1.58354793227
1.00425912622 2.09125537544
-1.57287816847 -1.89733152935
-0.370784484092 -0.449215546534
