2.74458310476 0.156109344928
1.93754545931 1.68846479451
1.76200071657 0.637333127891
-1.822904546 0.433426983336
-1.1550039793 2.08787459876
-1.76200071745 -0.637333128205
-0.873437308587 -0.0496803222269
0.873437307495 0.0496803223119
0.964914400535 -1.01260860409
0.843870072309 1.11549061378
-0.910807783418 -2.20537609677
-2.74458310538 -0.156109345619
-0.0297860118441 0.523672465964
0.910807784756 2.205376096
1.15500398047 -2.08787459766
-0.151089917612 2.65633492984
0.0895245895206 -1.57394568975
-0.84387007285 -1.11549061394
2.11650635081 -1.45787401081
-0.0895245897854 1.57394568988
1.82290454512 -0.433426983171
-2.11650634977 1.45787401192
0.029786010861 -0.523672465863
0.151089919904 -2.6563349296
-1.93754545811 -1.68846479546
-0.964914401199 1.01260860439
