1.6088543663 1.74715980117
0.263710284282 -1.93155927285
1.2506125429 -1.49684263883
-2.37451589932 -0.013913961306
2.4882479336 1.02708372482
0.68440931643 2.36722183302
2.29563051293 -1.27106246728
1.50788437853 0.559642545897
-2.20946644286 1.08598177824
-0.179647903988 1.67818242781
1.1380469911 -2.57983462287
0.389599165476 -0.881373297364
-2.43433775063 -1.14865656983
-0.521076896415 2.66131927199
-0.606165516633 -2.55290884527
-0.450978178974 -0.321969123815
1.39284758084 -0.474332512814
0.68146546563 1.15824418297
0.542403792164 0.116478862709
-0.587593902501 -1.34818940537
-1.1174704266 1.26535522509
2.43779072342 -0.129605326406
-0.289050028228 0.655521779229
-1.62287858511 2.17551320398
-1.31424789741 0.277923453563
-1.42903775217 -0.73649029332
-1.54521623605 -1.88898148581
