-2.42449464176 0.892753308171
2.03277989206 1.2851250669
-2.65351993791 -0.355338063916
1.43477065853 -1.54163961746
0.394854883868 0.252860499461
-0.781713813518 1.96837117092
2.61820188397 0.306861696732
-0.22181582471 -2.56500430042
1.4437708114 0.321823844449
0.907038415556 -0.616892019974
-2.02229590999 -1.29734979951
1.39993406919 2.23356497186
-1.87936113554 1.9430426414
0.910034345981 1.16654847908
-1.24656405466 1.02242742448
-0.220517046984 2.91084430742
1.95793578077 -0.555638956851
2.52600546325 -1.45699723473
0.957033307936 -2.52566684837
-0.10695819999 -0.653521565957
-1.44155047619 -2.27192289454
-0.171635801901 1.08971504996
-1.14856239983 -0.719507961883
0.337345465912 2.00604490827
0.382601850699 -1.56006511874
-0.637983818204 0.189492563025
-0.649205848387 -1.56708473349
-1.69567365731 0.0964737343921
