-2.00007414861 1.79011520792
-2.3852723424 -1.35348216968
-1.01941089588 1.11118636056
1.82192660596 2.30341464252
1.56475074118 0.205836537302
0.541742837631 -1.25359505397
1.65279337111 1.23505589918
0.455408874806 -2.38476368096
-0.595310436167 -2.72312311801
0.624121559699 -0.199802759996
0.815258289079 1.91229113143
-1.22219406992 -0.998545390366
-1.48992309848 -2.04403544595
0.707861412899 0.830774962563
-0.19192463676 0.44410188369
2.6202683542 0.809692778673
-2.03211486128 -0.357378004116
0.0668416955804 2.68334789833
-2.92605730694 0.25162994742
-0.282181258654 -0.591466407166
-0.964515450238 2.2318711512
1.42473762002 -1.96586901331
-0.404251587279 -1.63648352233
2.39118148999 -1.43249241571
1.46885502961 -0.827017383818
-1.09012789745 0.053759896255
2.50964702464 -0.315596850238
-0.110686811951 1.50389946871
-1.95134497362 0.716674991047
