-0.0197552923825 2.47992925838
1.8061243638 -2.02747735662
-1.08579845261 -1.55085560621
2.85848710317 -0.80293890028
1.12783319747 -0.167812982259
-0.31876234969 -2.48527271241
2.61894244144 0.9948334686
-1.52063119392 0.202083960821
-1.2633162591 1.17535453455
1.06852387564 2.63480119301
-0.273129641932 1.40856908503
-1.0613638119 2.27069671954
0.731848213498 -2.29203073975
2.15489233687 0.0471484803938
-1.75596522789 -0.75796151674
-0.0975844818379 -1.41260632685
1.44109972379 0.823040696024
0.728511967213 1.59296453081
-0.764253458777 -0.565874782391
-2.1093305651 1.8607917023
0.853193694901 -1.20995606281
1.80999703755 -0.963913268492
1.84880036982 1.82324355261
-2.30641189714 -1.63968290674
-2.70703095459 -0.303344869021
-0.522385677403 0.406519291077
-1.45162623483 -2.53119476693
0.181698035228 -0.39285384388
0.436996116617 0.6016381276
-2.40960444737 0.782160555677
